12061
17193
27531
4358
8227
8652
18111
30031
32726
4688
9892
8341
32617
26789
6322
3707
32710
18086
10673
444
15754
10244
4569
4031
32336
27264
27703
2668
9010
9822
32082
15423
17549
27414
19727
10906
15109
13388
6098
21088
14793
11010
23270
4799
24088
1805
31
14925
22533
9413
27837
27223
4215
8961
30612
17525
28787
7491
2666
5730
11678
22063
29345
30731
16381
26178
9494
4070
25856
17088
31048
29061
21439
12526
8125
19051
1667
31106
22433
20766
15752
28760
10161
10878
7937
9318
7767
14676
6237
19442
23830
3118
25801
16642
29481
23915
23798
8725
19303
22930
